CDR Demo...
ASCII Bits: 3912
Num Bits: 1218
Num Misses: 31
Binary: 
00010010111000
00001101010101
00000001011001
00100100011100
00000000000010
00000100110110
00001110011110
00000101110111
00000000000111
00000000101100
00000000000001
00000000000000
00000010010110
00000000000101
00000000000000
00000110001010
00010110011111
00000101100100
00000000000000
00010001011011
00000000110010
00000010110101
00000000000011
01110100101001
00000000000101
00000100011011
00000101100100
00000110100110
00000000100011
00000000000100
00001110010000
00001001011011
00000000000001
00001101000011
00000101010011
00000001010110
00000001111100
00000001010110
01001111101001
00000001011111
00001100011111
00000000000010
00001010101100
00000000100001
00000000010010
01001101011110
00000000000010
00000001010110
00000000000011
00000011110011
00000100110111
00000000000110
00001000001101
00000001011111
00001010100101
00000000000010
00001010011100
00000000110010
00000001001001
00000111111010
01111010001110
00001001111110
00000001011111
00010001111100
00001010011011
00000000000010
00001010000000
00010101111000
00000000000000
00000011000101
01100110101000
00000000001000
00011010000000
00000000001000
00001010011011
00000010011110
00000101100100
00000000111100
00000000110111
00000000110010
00000110100110
00000000000101
00000110000010
00000000000011
01001100011111
00000011010010
00000001110110
00001010000101
00000010100101
00001101011011
00000000000010
01001011111110
00000000001100
00000001101101
00000101100100
00000000000010
00000001100111
00000000000000
00000101110111
00000000000111
00001110011010
00000000000110
00000001011110
00010100110110
00000010111110
00000000000010
00000000000110
01010000101111
01101011100000
00000000000110
01000000100110
00011010111110
00000000000101
00001101010101

